 Leg 1 
time(d) sma(km) inc (rad) RAAN (rad) 
0.000000 6986160.183929 1.712975 0.353398 
2.070040 6983480.169540 1.712975 0.390490 
4.139850 6980801.697007 1.712975 0.427626 
6.209430 6978124.765147 1.712975 0.464809 
8.278781 6975449.372779 1.712975 0.502037 
10.347902 6972775.518722 1.712975 0.539312 
12.416793 6970103.201797 1.712975 0.576632 
14.485455 6967432.420826 1.712975 0.613998 
16.553886 6964763.174633 1.712975 0.651410 
18.622089 6962095.462042 1.712975 0.688868 
20.690061 6959429.281877 1.712975 0.726373 
22.757804 6956764.632967 1.712975 0.763923 
24.825318 6954101.514137 1.712975 0.801520 
26.892602 6951439.924217 1.712975 0.839162 
28.959656 6948779.862038 1.712975 0.876852 
31.026481 6946121.326429 1.712975 0.914587 
33.093077 6943464.316223 1.712975 0.952369 
35.159443 6940808.830254 1.712975 0.990197 
37.225580 6938154.867355 1.712975 1.028072 
39.291487 6935502.426362 1.712975 1.065993 
41.357166 6932851.506112 1.712975 1.103961 
43.422614 6930202.105442 1.712975 1.141975 
45.487834 6927554.223191 1.712975 1.180037 
47.552824 6924907.858199 1.712975 1.218144 
49.617585 6922263.009308 1.712975 1.256299 
51.682117 6919619.675358 1.712975 1.294500 
53.746419 6916977.855194 1.712975 1.332749 
55.810493 6914337.547660 1.712975 1.371044 
57.874337 6911698.751601 1.712975 1.409386 
59.937952 6909061.465863 1.712975 1.447775 
62.001338 6906425.689295 1.712975 1.486211 
64.064495 6903791.420745 1.712975 1.524694 
66.127423 6901158.659063 1.712975 1.563225 
68.190122 6898527.403100 1.712975 1.601802 
70.252592 6895897.651708 1.712975 1.640427 
72.314833 6893269.403740 1.712975 1.679099 
74.376845 6890642.658049 1.712975 1.717819 
76.438628 6888017.413493 1.712975 1.756585 
78.500183 6885393.668926 1.712975 1.795400 
80.561508 6882771.423207 1.712975 1.834261 
82.622605 6880150.675194 1.712975 1.873171 
84.683472 6877531.423746 1.712975 1.912127 
86.744111 6874913.667725 1.712975 1.951132 
88.804522 6872297.405992 1.712975 1.990184 
90.864703 6869682.637410 1.712975 2.029284 
92.924656 6867069.360844 1.712975 2.068431 
94.984380 6864457.575157 1.712975 2.107627 
97.043876 6861847.279217 1.712975 2.146870 
99.103142 6859238.471890 1.712975 2.186161 
101.162181 6856631.152045 1.712975 2.225500 
103.220990 6854025.318551 1.712975 2.264887 
105.279571 6851420.970279 1.712975 2.304323 
107.337924 6848818.106100 1.712975 2.343806 
109.396048 6846216.724887 1.712975 2.383337 
111.453944 6843616.825513 1.712975 2.422917 
113.511611 6841018.406854 1.712975 2.462545 
115.569050 6838421.467784 1.712975 2.502221 
117.626260 6835826.007182 1.712975 2.541946 
119.683242 6833232.023924 1.712975 2.581719 
121.739995 6830639.516890 1.712975 2.621540 
123.796521 6828048.484960 1.712975 2.661410 
125.852818 6825458.927014 1.712975 2.701328 
127.908886 6822870.841936 1.712975 2.741295 
129.964727 6820284.228609 1.712975 2.781311 
132.020339 6817699.085916 1.712975 2.821375 
134.075723 6815115.412743 1.712975 2.861489 
136.130879 6812533.207977 1.712975 2.901651 
138.185807 6809952.470504 1.712975 2.941861 
140.240506 6807373.199215 1.712975 2.982121 
142.294978 6804795.392997 1.712975 3.022430 
144.349221 6802219.050742 1.712975 3.062787 
146.403236 6799644.171341 1.712975 3.103194 
148.457024 6797070.753687 1.712975 3.143649 
150.510583 6794498.796675 1.712975 3.184154 
152.563915 6791928.299198 1.712975 3.224708 
154.617018 6789359.260152 1.712975 3.265312 
156.669893 6786791.678435 1.712975 3.305964 
158.722541 6784225.552945 1.712975 3.346666 
160.774961 6781660.882579 1.712975 3.387417 
162.827153 6779097.666240 1.712975 3.428218 
164.879117 6776535.902826 1.712975 3.469068 
166.930853 6773975.591242 1.712975 3.509968 
168.982362 6771416.730389 1.712975 3.550917 
171.033642 6768859.319172 1.712975 3.591916 
173.084695 6766303.356496 1.712975 3.632965 
175.135521 6763748.841268 1.712975 3.674063 
177.186118 6761195.772394 1.712975 3.715211 
179.236489 6758644.148784 1.712975 3.756409 
181.286631 6756093.969345 1.712975 3.797657 
183.336546 6753545.232990 1.712975 3.838955 
185.386233 6750997.938628 1.712975 3.880303 
187.435693 6748452.085174 1.712975 3.921701 
189.484925 6745907.671539 1.712975 3.963148 
191.533930 6743364.696638 1.712975 4.004647 
193.582707 6740823.159388 1.712975 4.046195 
195.631257 6738283.058704 1.712975 4.087793 
197.679579 6735744.393504 1.712975 4.129442 
199.727674 6733207.162707 1.712975 4.171141 
201.775542 6730671.365232 1.712975 4.212890 
203.823182 6728137.000000 1.712975 4.254690 
Proxop 
203.823182 6728137.000000 1.712975 4.254690 
205.402130 6728137.000000 1.712975 4.286965 
206.981077 6728137.000000 1.712975 4.319240 
208.560024 6728137.000000 1.712975 4.351514 
210.138972 6728137.000000 1.712975 4.383789 
211.717919 6728137.000000 1.712975 4.416064 
213.296867 6728137.000000 1.712975 4.448338 
214.875814 6728137.000000 1.712975 4.480613 
216.454761 6728137.000000 1.712975 4.512888 
218.033709 6728137.000000 1.712975 4.545162 
219.612656 6728137.000000 1.712975 4.577437 
221.191603 6728137.000000 1.712975 4.609712 
222.770551 6728137.000000 1.712975 4.641986 
224.349498 6728137.000000 1.712975 4.674261 
225.928446 6728137.000000 1.712975 4.706536 
227.507393 6728137.000000 1.712975 4.738810 
229.086340 6728137.000000 1.712975 4.771085 
230.665288 6728137.000000 1.712975 4.803360 
232.244235 6728137.000000 1.712975 4.835634 
233.823182 6728137.000000 1.712975 4.867909 
  Leg2 
time(d) sma(km) inc (rad) RAAN (rad) 
thrust 1 
233.823182 6728137.000000 1.712975 4.867909 
233.954887 6728741.782233 1.713000 4.870601 
234.086586 6729346.624953 1.713025 4.873293 
234.218281 6729951.528162 1.713050 4.875984 
234.349972 6730556.491864 1.713076 4.878675 
234.481657 6731161.516062 1.713101 4.881365 
234.613338 6731766.600759 1.713126 4.884055 
234.745015 6732371.745960 1.713151 4.886744 
234.876687 6732976.951666 1.713176 4.889433 
235.008354 6733582.217882 1.713201 4.892121 
235.140016 6734187.544610 1.713227 4.894809 
235.271674 6734792.931854 1.713252 4.897497 
235.403327 6735398.379618 1.713277 4.900184 
235.534976 6736003.887904 1.713302 4.902870 
235.666620 6736609.456715 1.713328 4.905556 
235.798259 6737215.086056 1.713353 4.908242 
235.929893 6737820.775929 1.713378 4.910927 
236.061523 6738426.526338 1.713403 4.913611 
236.193149 6739032.337286 1.713428 4.916296 
236.324769 6739638.208776 1.713454 4.918979 
236.456385 6740244.140811 1.713479 4.921662 
236.587997 6740850.133396 1.713504 4.924345 
236.719603 6741456.186532 1.713529 4.927027 
236.851205 6742062.300223 1.713555 4.929709 
236.982803 6742668.474473 1.713580 4.932391 
237.114396 6743274.709285 1.713605 4.935072 
237.245984 6743881.004662 1.713630 4.937752 
237.377567 6744487.360608 1.713655 4.940432 
237.509146 6745093.777125 1.713681 4.943111 
237.640720 6745700.254217 1.713706 4.945790 
237.772290 6746306.791887 1.713731 4.948469 
237.903855 6746913.390138 1.713756 4.951147 
238.035415 6747520.048974 1.713782 4.953825 
238.166970 6748126.768399 1.713807 4.956502 
238.298521 6748733.548414 1.713832 4.959178 
238.430068 6749340.389024 1.713857 4.961855 
238.561609 6749947.290231 1.713883 4.964530 
238.693146 6750554.252040 1.713908 4.967206 
238.824679 6751161.274453 1.713933 4.969880 
238.956207 6751768.357473 1.713959 4.972555 
239.087730 6752375.501104 1.713984 4.975229 
239.219248 6752982.705348 1.714009 4.977902 
239.350762 6753589.970211 1.714034 4.980575 
239.482271 6754197.295693 1.714060 4.983248 
239.613776 6754804.681799 1.714085 4.985920 
239.745276 6755412.128532 1.714110 4.988591 
239.876771 6756019.635896 1.714135 4.991262 
240.008261 6756627.203893 1.714161 4.993933 
240.139747 6757234.832526 1.714186 4.996603 
240.271229 6757842.521799 1.714211 4.999273 
240.402705 6758450.271716 1.714237 5.001942 
240.534178 6759058.082278 1.714262 5.004611 
240.665645 6759665.953491 1.714287 5.007279 
240.797108 6760273.885356 1.714313 5.009947 
240.928566 6760881.877877 1.714338 5.012614 
241.060019 6761489.931058 1.714363 5.015281 
241.191468 6762098.044900 1.714388 5.017947 
241.322912 6762706.219409 1.714414 5.020613 
241.454352 6763314.454587 1.714439 5.023279 
241.585787 6763922.750436 1.714464 5.025944 
241.717217 6764531.106962 1.714490 5.028608 
241.848643 6765139.524165 1.714515 5.031272 
241.980064 6765748.002051 1.714540 5.033936 
242.111480 6766356.540621 1.714566 5.036599 
242.242892 6766965.139880 1.714591 5.039262 
242.374299 6767573.799831 1.714616 5.041924 
242.505701 6768182.520475 1.714642 5.044586 
242.637099 6768791.301818 1.714667 5.047247 
242.768492 6769400.143862 1.714692 5.049908 
242.899881 6770009.046610 1.714718 5.052568 
243.031265 6770618.010066 1.714743 5.055228 
243.162644 6771227.034232 1.714768 5.057887 
243.294019 6771836.119113 1.714794 5.060546 
243.425389 6772445.264710 1.714819 5.063205 
243.556754 6773054.471028 1.714844 5.065863 
243.688115 6773663.738069 1.714870 5.068520 
243.819471 6774273.065837 1.714895 5.071177 
243.950822 6774882.454334 1.714920 5.073834 
244.082169 6775491.903565 1.714946 5.076490 
244.213511 6776101.413532 1.714971 5.079146 
244.344849 6776710.984238 1.714997 5.081801 
244.476182 6777320.615688 1.715022 5.084456 
244.607510 6777930.307883 1.715047 5.087110 
244.738833 6778540.060827 1.715073 5.089764 
244.870152 6779149.874523 1.715098 5.092417 
245.001467 6779759.748974 1.715123 5.095070 
245.132776 6780369.684184 1.715149 5.097722 
245.264082 6780979.680156 1.715174 5.100374 
245.395382 6781589.736893 1.715200 5.103026 
245.526678 6782199.854398 1.715225 5.105677 
245.657969 6782810.032674 1.715250 5.108327 
245.789256 6783420.271725 1.715276 5.110978 
245.920537 6784030.571553 1.715301 5.113627 
246.051815 6784640.932162 1.715326 5.116276 
246.183087 6785251.353555 1.715352 5.118925 
246.314355 6785861.835735 1.715377 5.121573 
246.445619 6786472.378705 1.715403 5.124221 
246.576877 6787082.982469 1.715428 5.126868 
246.708132 6787693.647029 1.715453 5.129515 
246.839381 6788304.372389 1.715479 5.132162 
drifting 
246.839381 6788304.372389 1.715479 5.132162 
254.553558 6788304.372389 1.715479 5.287680 
262.267735 6788304.372389 1.715479 5.443198 
269.981913 6788304.372389 1.715479 5.598716 
277.696090 6788304.372389 1.715479 5.754234 
285.410267 6788304.372389 1.715479 5.909753 
293.124444 6788304.372389 1.715479 6.065271 
300.838622 6788304.372389 1.715479 6.220789 
308.552799 6788304.372389 1.715479 0.093122 
316.266976 6788304.372389 1.715479 0.248640 
323.981153 6788304.372389 1.715479 0.404158 
331.695331 6788304.372389 1.715479 0.559677 
339.409508 6788304.372389 1.715479 0.715195 
347.123685 6788304.372389 1.715479 0.870713 
354.837862 6788304.372389 1.715479 1.026231 
362.552040 6788304.372389 1.715479 1.181749 
370.266217 6788304.372389 1.715479 1.337268 
377.980394 6788304.372389 1.715479 1.492786 
385.694571 6788304.372389 1.715479 1.648304 
393.408749 6788304.372389 1.715479 1.803822 
401.122926 6788304.372389 1.715479 1.959341 
408.837103 6788304.372389 1.715479 2.114859 
416.551280 6788304.372389 1.715479 2.270377 
424.265458 6788304.372389 1.715479 2.425895 
431.979635 6788304.372389 1.715479 2.581413 
439.693812 6788304.372389 1.715479 2.736932 
447.407989 6788304.372389 1.715479 2.892450 
455.122167 6788304.372389 1.715479 3.047968 
462.836344 6788304.372389 1.715479 3.203486 
470.550521 6788304.372389 1.715479 3.359004 
478.264698 6788304.372389 1.715479 3.514523 
485.978876 6788304.372389 1.715479 3.670041 
493.693053 6788304.372389 1.715479 3.825559 
501.407230 6788304.372389 1.715479 3.981077 
509.121408 6788304.372389 1.715479 4.136596 
516.835585 6788304.372389 1.715479 4.292114 
524.549762 6788304.372389 1.715479 4.447632 
532.263939 6788304.372389 1.715479 4.603150 
539.978117 6788304.372389 1.715479 4.758668 
547.692294 6788304.372389 1.715479 4.914187 
555.406471 6788304.372389 1.715479 5.069705 
563.120648 6788304.372389 1.715479 5.225223 
570.834826 6788304.372389 1.715479 5.380741 
578.549003 6788304.372389 1.715479 5.536259 
586.263180 6788304.372389 1.715479 5.691778 
593.977357 6788304.372389 1.715479 5.847296 
601.691535 6788304.372389 1.715479 6.002814 
609.405712 6788304.372389 1.715479 6.158332 
617.119889 6788304.372389 1.715479 0.030665 
624.834066 6788304.372389 1.715479 0.186183 
632.548244 6788304.372389 1.715479 0.341702 
640.262421 6788304.372389 1.715479 0.497220 
647.976598 6788304.372389 1.715479 0.652738 
655.690775 6788304.372389 1.715479 0.808256 
663.404953 6788304.372389 1.715479 0.963774 
671.119130 6788304.372389 1.715479 1.119293 
678.833307 6788304.372389 1.715479 1.274811 
686.547484 6788304.372389 1.715479 1.430329 
694.261662 6788304.372389 1.715479 1.585847 
701.975839 6788304.372389 1.715479 1.741366 
709.690016 6788304.372389 1.715479 1.896884 
717.404193 6788304.372389 1.715479 2.052402 
725.118371 6788304.372389 1.715479 2.207920 
732.832548 6788304.372389 1.715479 2.363438 
740.546725 6788304.372389 1.715479 2.518957 
748.260902 6788304.372389 1.715479 2.674475 
755.975080 6788304.372389 1.715479 2.829993 
763.689257 6788304.372389 1.715479 2.985511 
771.403434 6788304.372389 1.715479 3.141029 
779.117611 6788304.372389 1.715479 3.296548 
786.831789 6788304.372389 1.715479 3.452066 
794.545966 6788304.372389 1.715479 3.607584 
802.260143 6788304.372389 1.715479 3.763102 
809.974320 6788304.372389 1.715479 3.918621 
817.688498 6788304.372389 1.715479 4.074139 
825.402675 6788304.372389 1.715479 4.229657 
833.116852 6788304.372389 1.715479 4.385175 
840.831029 6788304.372389 1.715479 4.540693 
848.545207 6788304.372389 1.715479 4.696212 
856.259384 6788304.372389 1.715479 4.851730 
863.973561 6788304.372389 1.715479 5.007248 
871.687738 6788304.372389 1.715479 5.162766 
879.401916 6788304.372389 1.715479 5.318284 
887.116093 6788304.372389 1.715479 5.473803 
894.830270 6788304.372389 1.715479 5.629321 
902.544447 6788304.372389 1.715479 5.784839 
910.258625 6788304.372389 1.715479 5.940357 
917.972802 6788304.372389 1.715479 6.095876 
925.686979 6788304.372389 1.715479 6.251394 
933.401156 6788304.372389 1.715479 0.123727 
941.115334 6788304.372389 1.715479 0.279245 
948.829511 6788304.372389 1.715479 0.434763 
956.543688 6788304.372389 1.715479 0.590281 
964.257865 6788304.372389 1.715479 0.745799 
971.972043 6788304.372389 1.715479 0.901318 
979.686220 6788304.372389 1.715479 1.056836 
987.400397 6788304.372389 1.715479 1.212354 
995.114574 6788304.372389 1.715479 1.367872 
1002.828752 6788304.372389 1.715479 1.523391 
1010.542929 6788304.372389 1.715479 1.678909 
thrust 2 
1010.542929 6788304.372389 1.715479 20.528465 
1010.955608 6790484.155182 1.715414 20.536784 
1011.368242 6792664.848177 1.715350 20.545090 
1011.780830 6794846.451780 1.715285 20.553382 
1012.193372 6797028.966395 1.715220 20.561660 
1012.605867 6799212.392429 1.715156 20.569924 
1013.018317 6801396.730285 1.715091 20.578174 
1013.430721 6803581.980371 1.715026 20.586410 
1013.843079 6805768.143091 1.714962 20.594632 
1014.255391 6807955.218851 1.714897 20.602841 
1014.667656 6810143.208057 1.714832 20.611036 
1015.079876 6812332.111115 1.714767 20.619217 
1015.492050 6814521.928431 1.714702 20.627384 
1015.904178 6816712.660411 1.714638 20.635537 
1016.316261 6818904.307462 1.714573 20.643677 
1016.728297 6821096.869990 1.714508 20.651803 
1017.140287 6823290.348402 1.714443 20.659916 
1017.552231 6825484.743104 1.714378 20.668014 
1017.964130 6827680.054504 1.714313 20.676099 
1018.375982 6829876.283008 1.714248 20.684171 
1018.787789 6832073.429023 1.714183 20.692229 
1019.199550 6834271.492957 1.714118 20.700273 
1019.611265 6836470.475217 1.714053 20.708304 
1020.022934 6838670.376211 1.713988 20.716321 
1020.434557 6840871.196346 1.713923 20.724325 
1020.846134 6843072.936029 1.713858 20.732315 
1021.257665 6845275.595669 1.713793 20.740291 
1021.669151 6847479.175674 1.713728 20.748255 
1022.080590 6849683.676452 1.713663 20.756204 
1022.491984 6851889.098410 1.713597 20.764141 
1022.903332 6854095.441958 1.713532 20.772064 
1023.314634 6856302.707504 1.713467 20.779973 
1023.725890 6858510.895456 1.713402 20.787869 
1024.137101 6860720.006223 1.713337 20.795752 
1024.548265 6862930.040214 1.713271 20.803621 
1024.959384 6865140.997838 1.713206 20.811478 
1025.370457 6867352.879504 1.713141 20.819320 
1025.781484 6869565.685621 1.713075 20.827150 
1026.192465 6871779.416599 1.713010 20.834966 
1026.603400 6873994.072846 1.712945 20.842769 
1027.014290 6876209.654773 1.712879 20.850559 
1027.425134 6878426.162790 1.712814 20.858336 
1027.835932 6880643.597305 1.712748 20.866099 
1028.246684 6882861.958730 1.712683 20.873849 
1028.657391 6885081.247474 1.712617 20.881587 
1029.068051 6887301.463946 1.712552 20.889311 
1029.478666 6889522.608559 1.712486 20.897021 
1029.889236 6891744.681721 1.712421 20.904719 
1030.299759 6893967.683844 1.712355 20.912404 
1030.710237 6896191.615339 1.712290 20.920076 
1031.120669 6898416.476615 1.712224 20.927734 
1031.531055 6900642.268084 1.712158 20.935380 
1031.941395 6902868.990158 1.712093 20.943012 
1032.351690 6905096.643246 1.712027 20.950632 
1032.761939 6907325.227761 1.711961 20.958239 
1033.172142 6909554.744114 1.711896 20.965832 
1033.582300 6911785.192716 1.711830 20.973413 
1033.992411 6914016.573979 1.711764 20.980981 
1034.402478 6916248.888315 1.711698 20.988536 
1034.812498 6918482.136135 1.711633 20.996078 
1035.222473 6920716.317852 1.711567 21.003608 
1035.632402 6922951.433878 1.711501 21.011124 
1036.042285 6925187.484625 1.711435 21.018628 
1036.452123 6927424.470505 1.711369 21.026118 
1036.861915 6929662.391932 1.711303 21.033596 
1037.271661 6931901.249316 1.711237 21.041062 
1037.681361 6934141.043072 1.711171 21.048514 
1038.091016 6936381.773612 1.711105 21.055954 
1038.500626 6938623.441349 1.711039 21.063381 
1038.910189 6940866.046696 1.710973 21.070796 
1039.319707 6943109.590067 1.710907 21.078197 
1039.729180 6945354.071874 1.710841 21.085587 
1040.138606 6947599.492531 1.710775 21.092963 
1040.547987 6949845.852452 1.710709 21.100327 
1040.957323 6952093.152050 1.710643 21.107678 
1041.366613 6954341.391739 1.710577 21.115017 
1041.775857 6956590.571933 1.710511 21.122343 
1042.185055 6958840.693047 1.710445 21.129657 
1042.594208 6961091.755493 1.710378 21.136958 
1043.003316 6963343.759687 1.710312 21.144246 
1043.412378 6965596.706043 1.710246 21.151522 
1043.821394 6967850.594976 1.710180 21.158786 
1044.230364 6970105.426899 1.710113 21.166037 
1044.639289 6972361.202228 1.710047 21.173276 
1045.048169 6974617.921378 1.709981 21.180502 
1045.457003 6976875.584764 1.709914 21.187716 
1045.865791 6979134.192800 1.709848 21.194917 
1046.274534 6981393.745902 1.709781 21.202107 
1046.683231 6983654.244485 1.709715 21.209283 
1047.091883 6985915.688965 1.709649 21.216448 
1047.500489 6988178.079758 1.709582 21.223600 
1047.909049 6990441.417278 1.709516 21.230740 
1048.317564 6992705.701942 1.709449 21.237867 
1048.726034 6994970.934166 1.709383 21.244983 
1049.134458 6997237.114366 1.709316 21.252086 
1049.542836 6999504.242957 1.709249 21.259177 
1049.951169 7001772.320357 1.709183 21.266255 
1050.359456 7004041.346981 1.709116 21.273322 
1050.767698 7006311.323246 1.709050 21.280376 
1051.175895 7008582.249568 1.708983 21.287418 
Proxop 
1051.175895 7008582.249568 1.708983 21.287873 
1053.544316 7008582.249568 1.708983 21.328667 
1055.912737 7008582.249568 1.708983 21.369461 
1058.281158 7008582.249568 1.708983 21.410254 
1060.649579 7008582.249568 1.708983 21.451048 
1063.018000 7008582.249568 1.708983 21.491842 
1065.386421 7008582.249568 1.708983 21.532635 
1067.754842 7008582.249568 1.708983 21.573429 
1070.123263 7008582.249568 1.708983 21.614223 
1072.491684 7008582.249568 1.708983 21.655016 
1074.860105 7008582.249568 1.708983 21.695810 
1077.228526 7008582.249568 1.708983 21.736604 
1079.596947 7008582.249568 1.708983 21.777397 
1081.965368 7008582.249568 1.708983 21.818191 
1084.333789 7008582.249568 1.708983 21.858985 
1086.702210 7008582.249568 1.708983 21.899778 
1089.070631 7008582.249568 1.708983 21.940572 
1091.439053 7008582.249568 1.708983 21.981366 
1093.807474 7008582.249568 1.708983 22.022159 
1096.175895 7008582.249568 1.708983 22.062953 
  Leg3 
time(d) sma(km) inc (rad) RAAN (rad) 
1096.175895 7008582.249568 1.708983 22.062953 
1097.871856 7005662.429774 1.708983 22.092164 
1099.567614 7002744.434222 1.708983 22.121415 
1101.263167 6999828.261394 1.708983 22.150704 
1102.958516 6996913.909773 1.708983 22.180033 
1104.653662 6994001.377841 1.708983 22.209401 
1106.348603 6991090.664084 1.708983 22.238808 
1108.043340 6988181.766990 1.708983 22.268255 
1109.737873 6985274.685046 1.708983 22.297741 
1111.432202 6982369.416743 1.708983 22.327266 
1113.126327 6979465.960573 1.708983 22.356831 
1114.820249 6976564.315028 1.708983 22.386435 
1116.513966 6973664.478604 1.708983 22.416079 
1118.207480 6970766.449797 1.708983 22.445762 
1119.900789 6967870.227105 1.708983 22.475486 
1121.593895 6964975.809028 1.708983 22.505248 
1123.286797 6962083.194065 1.708983 22.535051 
1124.979496 6959192.380721 1.708983 22.564893 
1126.671990 6956303.367499 1.708983 22.594775 
1128.364281 6953416.152905 1.708983 22.624697 
1130.056368 6950530.735446 1.708983 22.654659 
1131.748252 6947647.113632 1.708983 22.684661 
1133.439931 6944765.285971 1.708983 22.714702 
1135.131408 6941885.250977 1.708983 22.744784 
1136.822680 6939007.007163 1.708983 22.774906 
1138.513749 6936130.553043 1.708983 22.805068 
1140.204615 6933255.887135 1.708983 22.835270 
1141.895277 6930383.007956 1.708983 22.865513 
1143.585735 6927511.914026 1.708983 22.895795 
1145.275990 6924642.603866 1.708983 22.926118 
1146.966041 6921775.075999 1.708983 22.956482 
1148.655890 6918909.328949 1.708983 22.986885 
1150.345534 6916045.361241 1.708983 23.017329 
1152.034976 6913183.171403 1.708983 23.047814 
1153.724213 6910322.757964 1.708983 23.078339 
1155.413248 6907464.119454 1.708983 23.108905 
1157.102079 6904607.254405 1.708983 23.139511 
1158.790707 6901752.161350 1.708983 23.170158 
1160.479132 6898898.838823 1.708983 23.200846 
1162.167354 6896047.285362 1.708983 23.231574 
1163.855372 6893197.499504 1.708983 23.262343 
1165.543187 6890349.479789 1.708983 23.293153 
1167.230799 6887503.224757 1.708983 23.324004 
1168.918208 6884658.732951 1.708983 23.354896 
1170.605414 6881816.002915 1.708983 23.385829 
1172.292416 6878975.033194 1.708983 23.416802 
1173.979216 6876135.822335 1.708983 23.447817 
1175.665813 6873298.368886 1.708983 23.478873 
1177.352206 6870462.671398 1.708983 23.509970 
1179.038397 6867628.728422 1.708983 23.541109 
1180.724384 6864796.538510 1.708983 23.572288 
1182.410169 6861966.100217 1.708983 23.603509 
1184.095751 6859137.412099 1.708983 23.634771 
1185.781129 6856310.472713 1.708983 23.666075 
1187.466305 6853485.280618 1.708983 23.697420 
1189.151279 6850661.834375 1.708983 23.728806 
1190.836049 6847840.132545 1.708983 23.760234 
1192.520616 6845020.173691 1.708983 23.791704 
1194.204981 6842201.956379 1.708983 23.823215 
1195.889143 6839385.479174 1.708983 23.854768 
1197.573102 6836570.740645 1.708983 23.886362 
1199.256859 6833757.739360 1.708983 23.917998 
1200.940413 6830946.473890 1.708983 23.949676 
1202.623764 6828136.942807 1.708983 23.981396 
1204.306913 6825329.144686 1.708983 24.013158 
1205.989859 6822523.078100 1.708983 24.044962 
1207.672602 6819718.741627 1.708983 24.076807 
1209.355143 6816916.133844 1.708983 24.108695 
1211.037482 6814115.253331 1.708983 24.140625 
1212.719618 6811316.098669 1.708983 24.172597 
1214.401551 6808518.668440 1.708983 24.204611 
1216.083282 6805722.961228 1.708983 24.236667 
1217.764811 6802928.975618 1.708983 24.268765 
1219.446137 6800136.710198 1.708983 24.300906 
1221.127261 6797346.163555 1.708983 24.333089 
1222.808182 6794557.334279 1.708983 24.365314 
1224.488901 6791770.220960 1.708983 24.397582 
1226.169418 6788984.822192 1.708983 24.429893 
1227.849732 6786201.136569 1.708983 24.462246 
1229.529845 6783419.162686 1.708983 24.494641 
1231.209755 6780638.899139 1.708983 24.527079 
1232.889462 6777860.344527 1.708983 24.559560 
1234.568968 6775083.497450 1.708983 24.592083 
1236.248272 6772308.356509 1.708983 24.624650 
1237.927373 6769534.920306 1.708983 24.657259 
1239.606272 6766763.187446 1.708983 24.689910 
1241.284969 6763993.156533 1.708983 24.722605 
1242.963464 6761224.826176 1.708983 24.755343 
1244.641757 6758458.194981 1.708983 24.788124 
1246.319848 6755693.261560 1.708983 24.820947 
1247.997737 6752930.024522 1.708983 24.853814 
1249.675425 6750168.482481 1.708983 24.886724 
1251.352910 6747408.634050 1.708983 24.919677 
1253.030193 6744650.477845 1.708983 24.952674 
1254.707274 6741894.012483 1.708983 24.985713 
1256.384154 6739139.236582 1.708983 25.018796 
1258.060831 6736386.148761 1.708983 25.051923 
1259.737307 6733634.747642 1.708983 25.085093 
1261.413581 6730885.031847 1.708983 25.118306 
1263.089653 6728137.000000 1.708983 25.151562 
Proxop 
1263.089653 6728137.000000 1.708983 25.151562 
1264.668601 6728137.000000 1.708983 25.182937 
1266.247548 6728137.000000 1.708983 25.214311 
1267.826495 6728137.000000 1.708983 25.245686 
1269.405443 6728137.000000 1.708983 25.277060 
1270.984390 6728137.000000 1.708983 25.308434 
1272.563337 6728137.000000 1.708983 25.339809 
1274.142285 6728137.000000 1.708983 25.371183 
1275.721232 6728137.000000 1.708983 25.402558 
1277.300180 6728137.000000 1.708983 25.433932 
1278.879127 6728137.000000 1.708983 25.465306 
1280.458074 6728137.000000 1.708983 25.496681 
1282.037022 6728137.000000 1.708983 25.528055 
1283.615969 6728137.000000 1.708983 25.559430 
1285.194916 6728137.000000 1.708983 25.590804 
1286.773864 6728137.000000 1.708983 25.622178 
1288.352811 6728137.000000 1.708983 25.653553 
1289.931759 6728137.000000 1.708983 25.684927 
1291.510706 6728137.000000 1.708983 25.716301 
1293.089653 6728137.000000 1.708983 25.747676 
